811 471
81
225
261
99
251
281
99
264
235
60
213
72
133
221
121
273
173
76
214
113
144
87
302
171
117
241
182
275
223
150
163
51
102
235
182
267
68
105
180
139
270
93
144
119
206
301
210
114
144
140
279
128
203
250
305
128
156
298
93
305
219
240
75
255
192
111
175
78
108
244
140
286
179
100
124
131
172
110
182
192
126
87
207
69
122
252
73
107
85
290
201
96
304
111
134
85
80
210
223
237
196
303
122
88
174
189
75
258
272
244
85
168
172
80
251
265
71
128
80
202
69
125
296
276
303
135
289
72
241
281
174
296
121
59
272
137
70
239
256
78
225
81
193
253
274
96
224
251
268
225
217
284
101
256
297
67
265
115
96
214
91
192
179
293
137
73
60
91
98
270
240
51
113
188
279
147
248
237
170
125
142
158
115
182
109
61
236
142
253
236
165
129
202
64
69
55
212
101
112
97
65
223
117
89
198
116
222
241
214
211
238
226
128
191
181
199
93
247
172
232
159
300
177
165
146
113
197
261
52
112
191
300
134
216
194
283
267
190
235
169
138
117
148
99
165
152
268
98
89
271
129
303
196
135
188
122
262
70
95
145
177
201
266
301
279
219
108
83
151
266
194
204
232
133
294
78
205
258
152
265
217
300
266
167
208
144
263
175
154
254
242
50
99
109
295
241
137
102
251
188
103
112
68
166
307
77
210
294
154
192
273
144
209
225
149
273
261
248
75
283
197
245
277
61
176
244
54
93
210
76
140
170
79
150
265
162
197
52
295
73
236
159
176
204
272
119
187
257
148
91
249
251
147
99
84
217
200
72
289
125
211
160
267
185
274
57
168
226
282
167
85
148
109
117
305
124
211
191
253
108
227
57
107
301
104
203
81
109
122
232
85
229
222
229
246
121
262
127
234
123
109
299
272
219
216
307
94
163
208
189
299
146
232
268
207
260
249
229
281
90
251
287
210
61
208
302
152
96
93
81
51
111
137
261
212
83
85
289
50
74
280
304
84
207
117
97
106
60
51
254
57
95
161
52
226
136
280
297
75
307
294
118
125
129
113
90
217
89
291
131
136
263
128
53
55
51
165
105
150
248
190
80
207
252
128
292
166
179
234
307
73
212
267
217
189
270
149
151
50
192
265
246
83
91
213
145
53
204
96
299
189
285
282
231
260
273
199
184
155
269
118
113
234
81
55
297
261
288
164
182
127
80
139
91
134
267
207
307
223
257
197
55
279
184
132
231
107
292
306
210
232
298
131
121
233
257
84
291
242
69
139
63
117
304
238
101
274
284
134
114
306
186
295
224
298
159
135
189
169
96
143
134
77
235
292
248
284
57
172
217
195
126
220
274
179
289
303
192
196
218
188
81
67
301
233
205
114
94
301
92
65
268
277
265
115
182
165
125
161
219
125
171
166
188
257
129
162
173
50
122
153
116
292
136
133
230
235
133
150
90
128
262
144
128
187
86
68
203
216
114
114
213
304
138
89
191
214
209
213
158
213
99
217
190
92
125
94
77
132
176
97
270
293
182
121
145
222
137
195
170
209
204
62
234
222
270
77
102
292
199
200
253
235
154
173
267
130
273
248
186
105
276
158
190
105
125
120
114
86
200
203
286
235
138
116
60
200
296
210
254
72
154
177
80
159
67
197
127
77
132
86
170
259
173
84
222
141
279
109
275
149
261
271
81
223
298
91
101
162
127
192
286
144
260
143
228
189
259
127
92
206
270
147
259
128
223
64
290
206
62
246
249
75
78
153
63
155
181
181
90
52
256
126
267
298
65
271
307
275
78
301
196
112
298
152
267
284
281
100
294
293
111
109
303
287
268
247
271
159
276
307
