8118
3199
459
2682
8249
1963
5030
4387
7286
5285
5908
624
408
1395
9009
3211
8003
9977
2662
3889
3636
5691
4880
486
3157
4598
4697
4280
6040
1211
9156
5501
3922
8913
7469
6948
8704
1924
723
7150
8579
9646
1667
7494
6922
168
619
7982
57
8141
5892
3336
1918
8325
4926
9907
9087
5626
2244
7383
6235
7789
4971
9006
2867
3089
6831
280
622
1994
9505
8015
8824
5215
4105
8444
9202
5796
6889
6900
2802
9472
3454
5102
5883
3381
7316
9121
3064
7581
9928
3309
2719
7858
7783
4127
9534
1653
885
6621
8860
9977
6417
5800
4168
4178
7838
5584
5985
8623
6469
4250
54
361
8827
8269
9679
1792
4828
177
3275
1906
4973
787
6417
6953
6570
8303
8465
4611
9339
959
5439
1637
9004
4214
2158
5407
4848
8439
1544
1274
5118
6552
1337
104
8711
5617
546
9477
2218
8795
8762
1855
9741
1302
3179
3298
4499
2999
883
2545
5375
2103
4145
2096
7582
4025
4557
6255
7611
9034
3526
5717
6320
113
3302
5173
9300
9951
2469
7003
4292
1736
7470
7454
4213
9782
6894
9153
6759
3103
4349
5294
2269
9134
4536
2772
7566
6620
7293
3299
314
9815
3698
671
7974
9603
4188
7374
7433
91
8649
4775
3307
2341
756
7191
4465
8737
1986
4498
7831
203
828
6711
6299
9829
8714
4126
5889
8327
3516
1079
4919
8741
9237
2121
5043
9147
235
1964
4139
1978
3288
4910
6543
8541
2253
3185
615
7203
8229
4028
8054
8926
4347
3911
7867
8630
8621
1658
2041
7442
1665
9088
7048
9671
7839
9122
5137
9167
3185
288
3894
949
6127
7551
418
7498
769
4620
545
4103
6446
3534
7364
4776
8793
7364
9513
2080
1708
9844
2881
7161
8941
8569
7042
4672
1846
7701
5452
3653
1267
2520
6035
2960
9688
6770
1085
7685
5281
6150
7194
3771
8063
1602
2666
9804
6352
635
4138
9531
9621
367
4099
8528
696
6077
8257
2509
883
1353
8265
5975
4783
6665
8640
3036
9577
2755
9629
3539
4127
6589
7645
198
3757
4821
2854
7328
8198
6348
4744
6928
6458
598
5943
6871
4466
3768
2926
4465
650
5271
5468
2487
7062
9122
8238
22
6170
6393
6619
203
4267
7102
4581
6833
3333
8217
6132
5208
4209
5539
1907
5357
4270
5478
8724
8310
8274
6436
4047
4964
7673
486
8648
6994
6058
3523
9188
9407
9088
1546
974
9516
4095
7513
4007
9503
5919
2879
9305
7315
6499
8760
5987
3161
9906
8575
9965
8619
7626
3505
5989
8927
5463
3226
5391
1228
8807
6083
9625
5665
1836
6298
3206
1417
6398
6296
8769
609
6654
9931
4045
3054
8349
3536
686
6905
428
796
7189
1406
1138
2454
1915
111
9471
7002
1986
1833
1285
2069
1802
2414
6497
3831
9763
8796
887
3250
8477
4203
5554
4353
7042
5418
4657
1476
7570
1135
1076
4984
6672
8774
7755
9741
9365
138
8607
4676
6488
8543
9907
2928
455
3245
5372
6423
4740
7462
4975
3715
8710
2247
9059
660
8722
2417
3773
2366
7799
8494
1609
7645
6617
2032
2708
635
1632
418
7491
3877
3849
6991
3533
4839
5784
6387
7788
8154
1964
6414
2287
9521
6270
1130
1376
8536
3058
7167
4248
8517
9687
7424
6100
868
2031
6848
6306
1003
899
6455
9434
9767
6145
8369
3617
7172
660
6764
1432
9820
7198
1131
9295
6716
1103
1005
3376
2369
7553
4530
8218
6626
941
718
6753
8560
7716
4596
1836
7793
4904
2985
8479
7715
5784
637
6925
4678
9169
548
1997
6722
5090
6710
7217
6549
1181
4915
1626
8416
4908
9352
3713
6178
6102
9907
1344
5343
398
4158
7147
3375
8095
5222
2232
3994
766
7386
343
1981
3874
1324
4731
9398
3564
5912
8262
3821
6752
7474
5049
7492
2957
1483
3352
5681
5426
2145
6150
6546
9202
6066
3115
674
3593
141
6743
9306
812
4296
7817
5871
1277
3773
5668
1398
8307
5539
4771
4294
3212
83
1951
1966
3609
2078
3823
2461
466
2405
7329
8139
1348
6945
472
9732
3039
6044
6530
5658
1809
2252
7952
7637
1417
9396
8741
1521
9643
2286
719
1578
8481
3174
6862
393
2028
5621
3634
6177
4059
5559
9385
5911
2395
1470
9549
6495
1623
7340
4354
1532
93
4626
3585
4523
485
1163
2664
6032
5576
655
65
3369
326
7607
8772
7951
3274
6491
5965
6495
1059
7610
8712
6294
8469
3125
4271
4002
724
6252
6454
4099
5175
5058
9989
6611
7891
5228
9637
5513
536
906
1715
9932
6536
8699
9969
9510
8708
1623
4368
5240
2625
8748
8771
8686
6540
9025
1944
6898
6771
5103
3929
2962
3357
2607
6045
7277
8701
8557
7843
8853
3205
6974
9688
2836
7670
7887
1057
9051
6789
495
8789
2188
4249
5986
8435
7877
1311
5611
6145
9729
7422
1374
269
7074
9587
2090
6919
3419
8766
3248
5809
8798
1872
7472
312
856
5871
8304
3045
4
2355
3587
7861
6800
44
5486
1522
1920
3966
9837
1474
3507
6659
9134
2157
5773
1787
1239
1656
2376
5611
3149
5029
8357
2671
4675
7298
183
4073
6559
2580
4014
7505
3681
7351
4255
7281
3852
623
6685
1344
4701
6075
4534
8795
2733
1356
1670
4443
2263
4951
9307
480
9861
5623
8436
9053
574
1817
9051
4826
1432
2819
1724
2980
3342
7471
983
2468
580
1777
2408
2184
5635
6428
2145
9425
7717
6987
8937
8110
7509
8809
6512
4810
1700
8591
5311
1323
4552
6900
4480
5725
4166
8154
89
8004
23
826
9820
1422
2515
6769
8248
8193
9279
775
1557
8913
9623
2843
5543
2690
4410
4969
8297
1453
650
2561
1945
1421
3696
3847
1417
6740
3400
2754
852
9948
8016
5389
7576
9944
2451
4435
7063
8043
336
2752
4429
8828
8885
9312
5681
4967
6430
6511
9610
6232
9231
2409
2409
5379
4969
9849
9556
6298
3744
204
1193
7322
6168
4023
7322
49
794
9770
3900
7269
9400
