40	54	50	90	65	46
43	44	58	82	38	96
43	21	100	95	83	95
48	62	11	1	25	83
86	41	73	92	83	82
78	72	86	96	54	12
61	10	37	62	35	68
8	95	52	27	95	7
85	82	99	14	95	67
71	21	91	27	98	89
34	93	97	34	30	33
41	7	16	41	33	94
60	1	81	9	93	5
36	43	23	89	19	63
88	62	82	91	93	82
86	59	68	28	58	71
91	19	87	8	70	54
5	7	3	8	66	30
36	36	73	87	35	79
21	60	41	56	3	31
69	2	98	38	12	91
33	66	93	7	58	63
14	82	38	65	32	54
4	14	67	55	30	26
85	59	27	29	50	7
30	87	40	54	73	88
62	81	87	26	93	74
89	84	64	48	79	29
62	57	52	20	23	27
41	96	46	77	42	63
18	43	83	49	65	11
66	47	47	91	37	63
63	59	44	30	24	73
40	39	36	70	12	66
55	8	94	23	96	15
62	66	19	47	28	48
97	82	99	2	37	26
89	76	34	88	16	92
89	72	46	41	72	20
9	6	57	4	78	57
84	55	76	79	72	2
72	3	72	51	34	2
7	4	84	4	60	90
4	67	100	92	48	97
4	75	43	23	21	37
5	73	18	57	74	8
41	11	93	98	82	78
74	18	1	11	12	30
54	54	60	79	77	60
95	39	38	50	29	66
33	42	35	12	28	22
11	62	20	3	74	44
27	19	86	50	17	27
12	64	97	56	6	15
36	6	88	72	6	41
47	59	85	1	63	91
63	87	71	50	2	87
39	18	96	75	34	11
57	99	62	18	82	54
21	62	76	6	32	78
24	75	12	58	53	39
33	79	74	33	91	45
30	48	90	17	58	5
66	26	52	44	16	24
19	35	62	62	96	48
87	83	14	62	77	26
95	88	12	63	55	20
5	22	89	29	26	39
20	49	34	71	66	13
40	4	58	75	95	63
87	32	12	70	3	11
95	55	81	63	15	11
59	58	63	80	16	10
1	57	90	89	72	36
27	29	4	61	75	48
47	38	26	62	17	77
17	4	96	55	35	59
100	44	31	95	33	49
39	18	21	70	56	39
35	52	91	96	84	52
36	13	39	44	68	69
66	55	40	13	98	70
55	8	55	57	22	90
38	34	15	52	31	13
88	81	28	95	70	89
76	31	20	39	83	86
32	94	76	20	28	56
1	36	57	67	50	54
65	41	32	84	88	44
14	77	65	11	1	87
12	35	74	79	76	39
91	63	5	32	6	99
21	48	26	95	3	49
77	96	19	27	57	99
82	60	90	48	2	25
47	33	44	82	41	51
76	30	78	61	53	48
80	78	1	94	72	43
33	27	86	94	15	31
48	82	85	14	75	8
44	82	47	26	43	53
6	43	2	4	39	83
93	57	20	27	4	44
34	99	48	24	51	62
72	45	75	24	53	94
14	44	91	23	98	55
51	19	13	80	10	49
6	43	78	71	88	22
71	96	1	1	82	50
67	33	20	95	77	46
41	62	3	74	7	5
69	41	96	92	89	19
42	25	76	52	26	24
52	61	59	58	75	53
45	95	4	75	67	11
84	94	95	30	97	94
64	4	73	78	86	24
86	57	88	63	66	22
93	39	79	76	57	75
96	4	55	82	67	12
56	26	61	58	53	68
13	75	81	5	37	86
20	23	10	68	53	89
39	13	52	12	71	14
81	30	4	78	58	29
75	44	59	91	88	100
45	75	92	96	98	33
76	6	83	57	16	9
35	12	27	45	92	90
11	51	59	39	20	31
41	78	96	88	89	8
38	69	81	85	61	8
88	38	69	100	49	66
95	28	58	34	69	39
41	38	9	30	1	81
34	49	96	23	75	40
46	4	66	41	9	9
69	31	66	99	1	95
8	53	64	50	49	55
51	64	56	18	55	70
61	98	87	44	36	31
46	60	38	26	13	99
21	25	54	58	3	45
86	41	65	49	55	88
34	34	78	80	4	45
2	85	62	40	86	93
23	77	19	77	33	72
93	43	100	14	88	13
76	14	66	94	36	73
48	57	35	29	43	76
88	54	85	90	14	7
43	77	72	35	34	99
86	56	19	35	85	99
88	16	7	81	32	44
47	14	52	87	90	88
98	52	33	45	86	41
82	73	21	63	43	14
81	81	64	34	8	92
8	85	43	7	80	72
5	38	18	49	58	97
62	4	89	56	62	15
78	32	4	97	35	63
40	59	94	42	91	39
18	8	60	87	52	30
35	35	15	19	90	58
52	87	8	19	74	82
94	58	64	20	32	43
23	2	80	66	67	3
5	98	47	61	19	42
81	5	95	98	70	28
84	1	84	58	55	58
35	7	61	61	57	74
96	94	66	55	5	71
71	77	4	80	92	19
94	53	86	52	16	70
10	56	56	33	82	58
65	92	50	25	7	7
20	24	73	76	95	35
63	27	34	33	47	60
85	85	16	34	64	38
53	16	34	99	4	66
100	84	90	78	79	94
26	38	60	61	22	91
73	41	83	94	43	19
84	43	53	67	46	3
16	23	21	94	82	70
43	30	75	51	53	24
59	44	64	25	92	65
45	63	76	82	37	84
18	81	33	85	36	89
85	85	23	24	80	50
21	80	71	71	17	8
50	52	75	56	87	21
33	10	75	14	42	30
55	30	20	4	70	51
91	49	77	64	93	74
14	100	69	69	51	65
72	59	53	61	83	94
76	35	20	5	77	99
17	20	5	2	45	53
26	19	93	93	13	14
69	63	17	9	47	34
40	45	85	27	72	57
23	79	14	37	96	15
51	97	35	1	14	89
69	42	69	69	99	75
6	13	11	36	33	58
87	19	90	22	65	64
66	68	62	84	56	9
99	52	13	74	16	17
54	62	64	13	33	42
98	93	73	55	100	52
15	85	3	57	87	1
25	55	33	35	4	29
97	24	90	62	42	34
82	88	64	55	52	7
45	6	58	37	3	46
36	54	68	85	40	61
74	29	4	3	20	90
100	32	21	57	4	36
83	52	32	23	1	8
89	86	28	52	42	56
59	39	45	79	92	83
52	1	23	80	96	59
60	51	6	79	38	18
31	51	36	41	97	20
26	48	62	69	90	24
70	59	73	1	2	76
1	17	35	60	16	22
76	13	31	74	31	34
71	88	36	84	14	13
97	45	21	9	61	78
15	68	1	51	63	90
81	7	42	98	61	13
65	81	42	52	41	47
70	35	86	71	60	55
84	54	39	14	41	35
15	13	55	8	76	95
21	87	57	29	53	63
78	54	71	94	20	52
6	70	22	94	73	3
64	85	89	47	79	60
46	69	50	64	67	53
2	89	95	61	77	72
86	59	72	36	1	17
26	66	62	78	31	100
92	71	67	25	59	91
51	51	87	59	15	33
23	86	30	88	36	87
87	26	34	21	35	73
88	16	34	16	97	76
86	21	80	91	35	54
72	56	22	12	43	54
87	30	30	53	100	14
83	13	74	39	11	2
69	80	85	75	18	23
37	4	77	94	75	61
8	65	51	36	72	10
2	59	92	68	19	59
68	35	67	44	51	92
80	79	92	22	83	91
25	89	67	76	54	86
15	13	34	23	26	26
1	54	80	32	6	88
97	62	78	3	69	70
40	36	93	15	68	1
52	27	47	61	88	78
29	29	48	73	63	96
35	28	21	27	76	57
50	57	12	22	79	7
31	84	25	18	64	87
52	99	9	55	75	7
24	97	58	21	68	69
16	42	5	56	28	36
98	92	10	54	32	25
19	28	95	71	72	92
86	13	78	4	60	63
8	9	80	76	98	73
50	77	17	22	72	90
70	69	47	75	58	39
52	73	56	26	58	10
45	3	61	86	22	9
5	89	25	51	59	61
87	2	46	70	33	5
73	56	22	89	38	93
99	71	65	5	73	95
7	7	91	47	50	92
2	53	27	68	68	76
92	74	41	4	38	13
57	26	55	54	94	56
13	30	12	20	8	35
94	51	97	88	70	66
2	49	66	11	33	19
53	57	78	41	95	22
33	46	84	23	72	61
40	6	44	26	90	6
60	28	28	14	39	81
50	75	54	69	87	87
86	4	43	23	27	8
21	88	73	29	67	66
98	52	5	34	22	28
81	65	10	4	2	25
82	37	47	75	86	82
45	49	63	30	80	100
49	96	54	96	41	82
82	92	62	12	68	83
92	6	2	94	32	34
94	48	41	10	83	21
43	20	99	48	97	18
17	89	85	35	63	46
14	96	39	25	42	43
84	32	57	98	11	53
84	8	60	3	62	63
98	43	41	24	4	50
11	94	62	35	91	39
56	2	33	65	59	23
34	75	50	90	57	83
42	94	22	83	51	42
22	23	88	75	83	99
55	83	42	32	55	91
11	100	66	95	39	3
64	45	87	100	71	63
73	91	35	65	94	64
2	59	72	71	2	17
10	99	24	31	60	95
9	91	68	75	1	19
82	73	49	42	18	59
24	90	67	24	52	80
10	42	5	84	75	71
62	77	62	81	78	7
99	40	34	26	60	68
37	95	90	64	84	99
23	63	38	18	18	100
63	18	36	21	90	82
98	22	17	32	31	31
77	62	39	21	72	27
32	100	70	35	5	43
29	11	89	58	30	69
36	3	86	14	70	18
61	4	38	10	75	35
40	43	89	98	30	90
25	5	27	53	64	81
8	6	31	37	5	56
83	80	12	37	37	47
86	34	79	25	9	92
36	56	38	70	71	72
53	93	34	96	9	15
61	53	89	90	85	36
39	89	36	95	8	100
27	33	89	88	21	32
77	60	83	85	52	79
11	91	32	60	31	67
55	27	17	20	35	87
19	29	64	72	82	86
7	53	3	68	42	50
72	4	64	68	49	73
35	66	6	48	35	38
94	61	50	4	34	30
58	69	32	3	14	62
7	82	31	26	39	30
59	58	87	26	46	46
37	37	61	98	53	12
53	24	56	14	100	69
48	34	5	31	18	9
24	100	74	74	37	15
54	95	2	6	17	89
63	77	80	65	22	81
98	14	15	79	4	30
89	3	7	56	54	15
35	13	43	20	98	27
11	47	69	4	79	12
21	19	3	46	74	88
39	88	11	100	15	47
80	55	32	90	27	86
7	95	48	71	79	50
59	77	7	13	75	94
20	74	97	58	14	89
3	98	98	57	41	14
63	55	19	23	64	22
18	73	17	41	63	63
23	15	23	22	94	25
93	84	22	2	26	59
59	44	38	65	25	41
12	66	58	69	18	39
4	3	10	24	39	92
97	6	69	15	81	97
4	72	61	19	50	5
78	47	96	60	86	78
76	31	100	85	75	16
30	47	77	72	70	93
36	18	83	44	94	71
73	86	68	1	8	87
86	93	85	3	29	14
97	50	48	57	22	23
71	15	53	53	44	55
53	91	72	30	42	23
17	40	42	34	42	81
30	46	93	74	91	65
40	63	22	28	72	45
1	99	80	95	42	9
85	2	67	2	56	98
98	90	14	81	79	1
5	90	60	27	62	38
95	10	19	10	39	79
71	5	97	19	67	55
11	24	6	73	65	93
49	75	89	53	56	6
79	48	30	67	7	62
34	85	63	74	74	44
76	95	56	90	16	94
54	66	67	21	51	2
71	94	44	19	82	68
38	57	17	16	23	12
40	39	55	15	34	89
11	48	18	62	66	14
94	79	8	59	44	20
99	39	57	77	100	25
51	79	40	15	35	3
30	18	70	50	43	76
48	37	37	78	96	66
55	49	67	90	79	50
48	19	98	59	93	73
90	27	68	4	31	14
15	17	41	17	6	39
72	8	12	5	84	92
42	21	54	73	90	41
59	22	87	7	11	84
75	36	25	20	39	8
66	61	92	26	36	9
66	67	20	81	3	4
32	64	97	26	21	21
16	75	71	45	44	54
5	85	75	77	26	44
54	93	45	22	28	51
28	20	15	11	65	29
7	18	16	57	74	98
10	62	13	79	63	6
54	95	31	15	74	26
1	88	75	27	3	91
68	67	38	38	51	12
66	9	91	94	10	15
91	37	80	96	47	54
67	90	26	27	5	24
85	7	90	42	47	44
86	62	17	54	39	31
67	70	83	80	52	2
74	72	72	55	4	86
33	96	50	81	13	100
75	88	28	26	89	47
36	11	80	55	8	69
2	84	26	92	17	69
76	5	71	44	3	77
37	94	7	60	71	96
71	67	34	72	30	65
33	71	3	37	20	27
18	38	23	52	91	69
91	39	84	2	33	93
79	39	6	29	99	90
53	56	87	90	83	88
88	64	81	10	66	100
14	7	35	65	91	12
11	19	99	54	31	28
68	20	34	100	8	92
32	51	48	86	5	68
37	78	2	64	60	41
46	12	11	5	40	9
59	86	18	21	62	84
34	47	48	97	82	85
92	63	66	86	78	45
5	4	82	89	31	52
90	61	31	65	72	82
32	92	62	23	23	15
2	96	50	95	68	77
78	25	46	36	87	36
60	48	87	19	59	65
5	92	19	61	49	86
43	32	12	29	67	43
21	63	70	73	71	23
66	33	13	96	24	23
13	20	78	10	47	95
17	5	19	79	26	100
36	88	7	22	81	85
73	30	17	87	67	59
60	22	9	54	80	63
33	11	70	13	36	36
15	72	78	96	74	68
28	45	83	34	77	21
91	1	19	4	41	38
68	97	88	90	43	93
61	74	80	94	35	66
76	67	38	23	54	66
12	100	35	54	98	19
60	81	69	83	77	98
1	74	82	42	27	70
13	39	32	86	68	10
29	66	97	9	64	68
26	36	71	27	7	21
59	95	63	69	28	74
4	82	33	98	78	80
42	59	7	69	33	74
92	97	73	58	86	70
56	83	13	23	56	19
81	53	69	30	44	30
72	41	76	87	99	40
76	25	32	58	16	27
6	44	12	50	66	22
9	36	42	56	67	86
79	44	57	56	68	72
88	10	81	75	19	30
48	15	37	88	21	63
52	40	42	11	5	40
77	30	55	81	26	25
86	12	88	73	38	36
79	57	22	50	41	42
61	93	14	99	7	22
40	81	89	49	69	53
69	22	5	14	46	73
65	88	53	15	33	62
23	72	7	98	71	84
11	96	56	78	62	1
75	49	12	48	56	63
83	69	98	73	61	34
78	81	68	91	66	91
50	31	23	4	48	95
38	23	78	77	14	22
91	78	20	24	58	92
65	59	83	35	60	54
94	75	61	87	38	64
7	76	67	95	57	55
17	28	4	40	17	82
68	67	74	100	39	56
61	97	12	22	7	2
55	41	75	62	91	2
8	70	36	81	12	46
94	23	31	9	58	50
34	18	85	41	13	59
98	3	14	62	89	38
24	4	53	48	92	40
45	13	87	65	32	53
19	58	77	91	43	10
79	31	16	39	47	58
39	76	89	42	76	84
93	24	17	60	2	14
5	52	39	55	26	53
25	17	80	58	31	17
9	36	20	68	13	3
63	69	10	74	3	25
79	54	90	8	6	89
86	52	42	4	59	75
26	10	35	69	56	88
66	38	82	95	9	4
83	36	2	85	32	16
3	43	10	36	47	58
76	16	56	66	49	6
12	77	45	2	26	91
81	54	3	62	5	33
42	67	65	83	47	72
20	63	68	9	43	59
57	86	34	24	71	91
13	42	94	92	81	36
33	55	15	92	74	63
58	67	79	33	63	49
58	9	16	50	71	21
69	52	97	72	50	6
59	61	4	64	41	50
28	83	18	25	8	39
87	90	24	42	15	26
65	24	17	50	59	24
59	46	43	6	8	43
24	21	30	64	93	41
30	29	51	64	30	75
31	21	85	82	71	42
99	79	96	100	80	43
80	3	85	75	69	47
32	7	14	96	32	56
24	70	8	75	92	48
60	100	5	99	94	38
91	68	15	92	75	25
16	67	33	6	49	49
32	9	75	47	5	94
63	26	2	65	92	56
3	47	87	57	8	10
4	16	64	85	99	100
36	49	81	26	47	75
17	43	74	17	73	6
5	75	79	4	88	91
64	36	78	41	47	38
45	10	74	19	94	69
20	72	88	55	81	81
72	43	32	95	46	17
82	18	19	32	35	14
35	88	89	61	63	19
21	62	79	38	68	24
47	14	100	86	63	41
79	35	72	3	45	55
74	56	32	50	8	38
96	34	90	19	46	67
50	100	38	59	49	1
24	96	75	46	46	31
31	99	85	68	100	70
5	78	14	90	46	65
26	53	75	98	24	95
94	34	66	38	33	91
98	96	49	55	82	92
34	60	78	92	41	70
67	86	31	5	46	59
22	20	90	68	42	67
80	90	49	98	6	97
71	13	5	49	83	2
85	40	16	17	16	10
95	38	33	11	13	6
100	98	37	16	16	8
91	61	96	41	46	28
91	36	13	24	8	49
71	93	47	93	31	75
40	57	1	22	43	64
27	27	36	100	86	41
55	34	79	50	44	11
29	16	71	55	52	57
100	14	22	11	4	7
83	10	19	27	26	23
73	58	79	16	54	33
2	57	82	46	85	95
95	80	53	55	66	17
15	17	13	58	8	58
7	11	97	18	14	80
64	18	93	90	99	25
40	64	61	92	28	32
98	21	58	67	73	88
45	21	45	9	71	7
74	75	99	17	8	85
89	57	49	95	62	16
83	79	14	18	74	30
4	53	64	82	32	89
50	20	87	42	71	25
41	68	99	12	74	85
21	68	17	57	92	34
23	63	27	59	95	49
25	11	34	79	17	88
24	70	11	93	77	31
35	41	19	68	7	44
49	26	16	62	12	47
60	63	52	40	72	74
89	36	38	82	21	94
97	24	47	97	88	4
15	37	20	41	12	50
94	75	2	96	24	87
21	7	56	64	17	79
65	17	26	36	7	90
84	87	38	13	52	13
26	39	34	33	81	31
59	93	6	73	5	44
83	40	35	78	15	23
37	52	18	2	2	70
79	61	45	63	26	55
42	25	19	22	48	44
52	62	36	71	78	4
33	38	37	55	97	88
36	56	48	55	92	54
8	20	99	6	4	38
100	40	85	34	66	6
72	32	34	58	28	65
45	11	52	44	50	82
37	61	18	66	18	16
65	78	66	94	75	41
86	93	61	39	3	66
91	94	1	40	6	35
82	98	95	97	62	26
45	65	12	8	2	59
19	9	79	4	59	46
42	91	43	22	78	54
38	95	84	19	38	9
83	47	71	27	94	58
94	87	28	1	48	18
94	84	58	39	19	42
41	52	1	63	59	36
6	74	81	25	6	75
14	89	59	54	67	23
54	56	34	9	56	62
23	84	42	50	97	61
8	41	75	78	2	22
16	17	74	21	58	95
6	13	78	28	93	68
5	5	90	2	75	50
12	10	98	49	18	60
8	9	18	69	95	82
37	16	94	55	31	10
20	92	6	27	67	23
47	7	14	77	91	97
6	38	52	12	18	100
24	48	78	52	63	37
13	80	86	64	93	32
49	41	66	97	5	34
84	98	97	10	28	83
89	10	86	16	59	22
24	16	87	3	61	48
71	64	100	5	77	11
14	33	45	42	20	88
16	83	27	65	20	66
68	35	54	84	87	21
11	96	52	13	36	82
10	75	75	81	39	30
28	15	9	8	79	81
56	4	77	10	32	69
16	60	34	15	2	54
41	66	38	95	22	11
16	99	76	75	8	82
13	92	17	17	76	72
43	78	39	33	36	70
73	42	11	61	96	74
52	50	12	12	77	33
80	95	31	43	50	72
81	96	92	47	78	78
36	39	84	53	30	66
81	40	36	22	9	75
21	35	58	45	65	63
79	81	69	4	23	46
26	41	51	88	72	33
18	62	48	62	6	99
45	39	70	21	81	54
71	57	26	85	69	23
89	40	55	1	11	61
28	91	78	62	66	26
69	3	75	91	67	15
3	14	4	59	73	90
67	2	7	18	66	78
51	41	54	58	1	72
38	97	17	8	25	75
1	4	18	12	96	45
3	34	91	7	41	19
11	76	56	75	3	8
30	50	31	87	99	23
87	27	26	37	80	17
75	50	14	78	54	53
51	99	40	77	60	24
21	79	68	50	47	27
16	92	76	76	52	11
24	100	62	93	9	55
61	40	10	1	8	16
74	56	27	80	99	57
74	54	93	22	3	100
16	86	3	97	71	71
62	59	98	64	29	100
87	62	31	16	49	45
96	11	65	10	94	18
25	1	55	10	89	51
3	20	72	50	73	57
99	41	75	84	92	18
6	21	23	60	77	36
31	82	91	72	55	94
8	36	6	93	47	87
55	64	29	54	100	92
40	85	86	68	62	45
88	63	51	14	38	5
62	18	61	31	39	14
85	56	30	85	19	11
58	72	62	20	53	4
11	4	21	53	60	56
41	50	73	23	50	41
8	72	89	94	88	55
88	9	60	15	84	29
63	95	56	31	10	57
6	79	66	66	48	30
80	51	47	83	5	90
36	5	86	99	77	14
58	61	78	34	30	80
32	95	35	63	98	21
22	77	62	29	46	28
70	81	74	75	25	98
4	41	23	94	43	27
49	13	84	32	11	49
55	5	94	5	8	47
96	21	64	53	34	41
84	25	24	94	67	36
24	78	49	15	66	83
71	21	31	93	64	56
38	63	53	10	7	68
80	70	47	50	61	17
49	53	60	16	60	13
3	88	11	31	55	80
68	18	42	84	59	71
30	59	65	53	34	56
99	32	13	45	84	58
75	4	69	87	37	76
39	95	26	93	16	17
85	8	60	79	55	24
46	67	2	59	76	49
78	57	24	35	2	29
78	11	67	13	57	2
98	14	26	62	42	44
65	13	84	40	86	92
3	17	57	79	83	37
42	54	100	44	85	90
12	16	56	34	89	64
99	90	59	48	82	7
37	23	44	53	35	94
17	4	11	64	12	68
71	70	38	35	25	52
61	12	7	6	8	96
82	14	62	98	9	17
31	23	38	74	61	80
96	73	85	31	4	61
87	26	86	85	7	15
48	14	81	92	31	86
70	70	10	77	80	18
50	92	1	90	93	60
84	69	21	61	71	81
72	37	34	10	13	44
41	15	40	54	9	85
83	72	28	7	60	47
19	72	49	18	89	39
15	84	53	60	36	59
29	21	23	95	16	55
12	20	51	32	67	49
34	66	8	38	15	33
7	23	42	3	56	73
46	5	95	15	65	14
28	30	67	88	20	71
30	38	55	62	32	30
34	46	1	70	56	24
56	85	92	47	30	65
35	15	43	57	49	7
41	82	9	66	12	31
82	69	58	96	32	82
2	35	62	73	47	18
70	14	85	93	13	49
40	5	71	7	74	15
80	67	96	70	68	73
1	21	25	66	32	16
45	57	55	7	53	87
67	70	29	35	92	4
87	48	36	85	50	90
49	86	1	97	19	45
26	26	52	83	8	62
71	1	3	43	75	42
86	65	21	37	19	61
39	16	30	88	10	88
66	74	27	99	88	85
44	13	43	91	87	85
32	24	12	69	81	32
44	22	19	99	83	33
81	47	94	29	11	48
32	80	4	86	32	65
15	16	12	86	88	62
77	59	39	63	54	44
69	73	68	32	52	50
91	49	73	12	46	9
87	68	39	95	80	46
37	100	4	3	84	100
56	51	99	85	30	56
14	48	10	25	2	39
21	73	96	37	69	61
74	2	100	42	18	93
16	14	48	9	29	46
40	69	81	51	82	88
49	98	32	48	76	84
82	76	7	8	29	58
46	91	95	17	75	42
68	25	5	44	23	54
72	78	67	70	98	10
13	64	75	100	1	66
73	11	31	63	72	47
48	69	65	88	31	90
91	43	47	97	98	43
74	82	32	17	49	69
67	52	82	90	29	9
3	66	99	44	98	26
96	74	99	91	66	86
25	46	86	55	59	17
38	29	78	67	4	58
77	1	11	30	32	70
13	32	98	78	87	86
73	48	91	25	51	47
39	75	10	25	8	12
75	14	19	21	68	45
38	80	89	24	92	16
2	8	22	49	65	22
48	91	52	17	80	53
34	36	44	20	83	44
73	8	95	78	50	5
98	79	2	84	14	6
12	57	29	98	61	38
78	29	5	21	80	71
83	86	68	57	82	71
42	14	54	1	63	50
99	83	47	53	23	26
41	39	88	70	79	5
100	63	53	56	61	97
13	32	47	15	48	93
62	44	22	37	46	24
31	34	7	77	7	26
74	5	45	92	92	17
54	70	61	38	84	54
38	97	72	71	35	51
25	36	60	40	34	62
3	68	5	28	54	98
48	95	22	91	46	88
85	64	21	96	42	34
9	86	48	96	40	66
82	51	72	93	74	33
85	88	66	27	51	38
60	25	94	47	79	10
70	93	40	80	64	91
50	42	76	32	23	8
7	91	69	65	93	23
42	57	65	88	75	19
25	1	73	66	96	78
23	39	47	96	99	86
96	15	80	36	1	54
87	23	11	79	50	97
36	10	19	77	14	22
14	88	90	11	32	16
87	1	16	38	24	90
45	48	7	40	75	59
99	76	33	15	86	92
49	11	59	16	29	67
40	46	36	52	54	19
70	64	2	56	67	64
87	28	22	35	43	47
85	31	82	74	30	11
27	12	98	35	88	11
13	35	78	27	54	27
50	85	34	3	85	27
40	35	2	67	33	50
94	13	58	27	68	78
33	48	75	6	82	4
32	19	2	28	39	17
61	70	56	84	91	74
6	97	81	91	84	19
80	30	13	2	67	86
55	15	97	37	5	29
73	66	21	88	19	57
38	34	35	87	46	56
7	72	93	83	9	41
94	19	85	27	31	63
42	41	56	84	18	3
69	30	86	3	27	22
68	48	38	92	56	87
33	80	66	54	41	25
4	26	80	74	54	70
81	33	12	3	33	73
44	2	29	29	65	80
56	55	62	10	1	1
56	79	19	66	6	53
84	96	3	13	97	78
41	47	84	38	1	73
87	48	77	72	98	54
85	25	72	33	26	45
28	37	98	47	92	73
34	3	24	55	9	84
64	8	52	36	82	38
60	76	11	96	82	48
70	38	65	28	62	15
34	73	21	6	47	42
11	29	5	14	70	77
94	91	91	36	23	99
87	32	62	42	81	25
85	72	45	93	85	37
63	29	18	67	96	39
100	60	77	42	66	91
62	17	22	20	97	55
91	46	74	71	74	28
11	80	8	21	34	5
33	17	66	27	78	5
72	92	96	10	97	15
49	9	90	92	67	88
41	76	76	20	28	68
70	35	11	19	29	53
68	79	38	34	42	4
93	50	50	38	46	26
30	10	7	16	30	87
37	7	99	98	26	94
17	28	12	99	96	8
12	38	90	94	29	55
80	36	9	40	98	53
48	71	95	11	3	96
18	42	58	59	15	51
57	56	91	36	81	38
84	75	65	12	85	61
25	65	30	87	1	50
17	76	6	91	70	48
30	35	56	94	37	37
76	39	61	12	90	65
25	58	54	73	27	79
12	36	55	81	25	6
94	38	17	70	4	43
32	11	77	28	35	22
78	51	80	60	6	89
22	49	93	60	23	39
20	64	75	64	89	13
2	64	76	36	4	10
61	33	86	79	14	15
30	41	81	69	42	71
35	62	50	71	69	50
16	35	31	26	92	6
2	73	33	40	69	80
89	33	68	95	17	87
81	36	50	66	77	69
58	40	87	37	14	77
1	16	59	20	65	19
100	57	64	69	66	14
67	65	100	93	91	37
45	66	31	33	61	92
75	53	12	85	51	27
27	57	11	93	12	16
23	36	13	13	14	91
2	89	16	99	22	1
57	70	67	1	27	58
42	19	33	31	42	95
23	5	98	23	69	72
2	29	23	46	38	50
70	68	29	71	23	51
21	28	85	27	10	88
54	63	35	34	54	88
44	65	60	46	71	38
79	38	9	93	74	95
15	22	90	14	54	88
98	73	67	32	26	95
72	8	70	82	36	48
70	60	15	56	23	72
79	60	19	28	56	24
48	28	91	4	25	74
26	20	7	50	51	11
39	82	43	19	13	83
2	47	48	4	66	21
77	32	28	45	24	19
33	17	21	88	70	61
80	79	53	70	71	58
77	3	71	28	51	30
35	63	67	32	47	75
99	80	91	58	61	91
22	6	66	26	85	76
40	23	93	54	1	66
80	79	53	28	67	40
9	80	50	98	55	71
15	25	14	66	1	61
74	17	80	27	64	19
50	25	87	24	89	39
46	54	65	9	55	52
7	95	66	5	67	94
96	40	27	5	14	96
69	87	92	3	60	35
46	55	20	37	38	22
17	57	55	25	15	93
53	82	91	23	91	73
61	85	19	93	62	55
39	38	11	48	47	33
92	6	22	93	49	97
50	83	60	79	2	98
48	71	54	5	7	34
66	100	13	76	85	60
93	51	99	96	97	92
45	15	74	67	22	46
16	26	69	49	95	91
77	29	16	1	26	77
7	74	93	23	86	21
25	6	8	97	86	76
14	44	31	71	13	66
13	64	80	36	65	93
86	4	37	98	65	2
75	12	35	12	65	55
79	92	20	53	23	42
100	10	87	54	67	5
73	72	90	55	9	59
7	32	14	4	21	78
62	27	89	20	35	1
58	93	85	29	4	45
66	70	40	59	91	25
34	21	2	98	94	98
29	34	50	79	11	76
98	57	85	55	47	78
6	64	39	65	33	85
8	4	37	90	90	93
8	57	92	51	95	51
16	12	52	74	21	58
60	69	91	97	51	93
56	5	80	3	18	18
71	71	26	50	80	45
16	56	52	98	91	8
58	45	88	2	38	25
33	28	45	91	11	90
73	69	42	85	10	17
34	14	4	92	74	3
24	50	84	63	86	96
61	5	62	92	81	36
95	94	76	27	62	36
37	24	57	65	52	69
20	30	80	99	95	97
91	42	17	32	90	62
14	30	39	83	26	56
58	64	21	51	9	61
78	5	40	27	86	43
32	44	56	72	39	76
6	64	63	23	8	16
89	6	17	91	58	64
13	41	38	6	4	83
95	95	94	46	78	13
25	56	12	33	16	39
97	80	18	2	51	64
43	96	27	13	20	54
84	62	71	59	61	42
44	86	63	19	49	74
97	92	13	18	75	30
72	96	2	23	18	86
24	73	47	52	49	25
79	16	93	51	47	14
30	67	71	13	2	93
89	85	82	83	61	32
61	15	74	57	97	9
59	76	76	51	4	20
44	66	64	83	62	15
64	70	4	71	48	84
66	74	96	79	97	97
35	58	40	30	47	76
47	98	31	42	61	67
45	99	24	68	44	24
48	46	36	46	20	65
42	87	92	81	82	82
37	5	93	10	40	48
24	43	55	53	30	40
40	89	62	50	13	75
59	3	65	92	96	82
16	71	92	22	98	22
25	9	64	88	20	12
18	16	10	19	22	61
5	76	58	39	17	67
41	47	12	58	77	20
34	41	84	25	20	12
81	32	5	21	77	71
14	20	46	42	80	17
49	7	13	17	84	66
59	85	2	43	83	94
65	52	3	69	61	80
17	88	88	19	39	33
10	26	23	53	16	60
30	44	5	89	79	37
18	73	42	46	49	45
36	16	51	24	62	83
49	21	3	34	41	67
62	57	28	24	85	71
61	21	42	13	72	49
32	18	44	65	56	39
63	60	54	19	23	13
26	32	73	26	53	75
63	25	67	37	22	41
29	10	67	97	92	49
79	7	52	52	28	98
34	24	82	98	15	15
32	77	91	81	17	72
22	31	24	11	12	72
63	2	35	94	1	58
18	24	67	15	89	15
39	100	45	38	88	73
64	72	52	87	26	89
86	94	86	46	32	73
61	16	19	50	14	91
12	6	99	4	55	54
80	54	42	37	58	76
89	59	9	98	68	74
94	59	67	2	26	14
9	100	71	73	32	37
35	93	14	52	34	72
72	48	44	43	10	12
15	48	74	42	67	4
41	61	50	91	52	10
64	46	1	71	6	34
91	53	12	39	89	23
1	41	40	28	99	13
56	3	86	13	32	65
16	33	34	42	39	27
10	70	61	36	4	97
43	55	32	7	64	58
68	13	8	65	47	8
10	99	34	92	92	89
14	11	52	35	87	99
92	71	92	77	64	82
26	41	42	51	95	25
91	6	55	100	89	47
28	23	10	26	35	77
25	55	31	67	62	19
16	80	89	35	3	91
25	6	80	71	11	76
33	100	32	79	15	58
81	54	4	5	67	73
27	32	65	63	72	47
7	37	22	59	43	51
8	91	65	99	70	95
50	68	59	46	80	89
26	87	64	81	42	60
88	49	64	62	56	34
6	51	72	57	29	28
61	33	27	56	12	70
22	60	10	62	8	29
74	78	52	61	13	6
95	79	24	15	11	97
84	15	29	20	95	58
40	31	82	14	42	57
28	86	99	19	27	76
19	59	96	84	68	62
19	92	22	90	3	2
38	70	48	20	40	21
3	37	74	53	60	48
23	17	45	23	38	5
62	54	7	63	55	92
7	5	53	32	70	83
28	52	22	90	30	87
37	64	29	7	69	55
51	70	2	22	80	97
63	72	23	42	71	73
87	41	37	68	78	63
94	79	41	43	67	99
12	11	31	99	4	48
24	79	47	15	66	81
67	95	48	22	61	33
41	91	53	70	10	44
88	73	11	18	79	1
53	32	62	90	42	4
78	50	68	26	45	27
93	45	80	30	95	66
44	56	48	52	58	4
18	88	68	22	66	97
84	25	47	34	50	26
50	19	20	14	7	34
7	38	48	29	29	19
65	93	78	40	41	82
91	55	20	87	20	57
36	28	60	16	5	81
60	17	53	22	71	61
48	69	7	3	54	74
92	57	38	46	48	29
29	30	88	98	41	67
4	65	34	91	97	74
27	96	20	56	36	75
34	30	69	47	50	16
95	47	38	22	80	30
76	88	39	37	19	27
45	42	15	79	28	38
67	29	18	50	58	38
40	54	45	71	45	7
81	66	24	8	39	4
21	11	22	52	82	80
76	32	62	69	15	58
5	76	69	5	1	76
13	11	39	31	59	50
6	9	61	54	43	43
50	92	34	57	42	64
68	70	55	24	19	18
62	20	14	66	65	31
76	64	36	50	58	23
83	85	75	65	50	15
2	51	57	79	47	84
81	9	16	77	16	92
89	30	39	35	99	48
4	6	47	29	89	1
59	42	26	83	45	20
73	70	12	100	7	72
68	13	47	56	50	82
89	3	41	4	87	38
39	86	100	45	54	88
20	73	14	83	23	90
49	63	72	66	56	61
5	93	77	61	48	23
90	94	73	99	44	11
75	61	95	15	10	13
61	7	38	55	53	59
39	64	32	63	78	21
99	99	68	32	80	39
50	19	18	74	29	24
100	39	82	7	96	18
41	47	35	88	94	56
9	52	66	56	67	78
91	99	81	39	46	32
32	94	57	40	11	15
40	6	74	7	37	75
91	92	82	22	15	39
56	45	49	7	13	7
52	63	24	6	85	92
16	65	20	50	3	3
34	8	62	7	82	37
87	65	56	99	68	88
77	10	58	57	2	33
82	26	81	34	32	30
95	87	93	57	80	90
59	64	32	64	24	16
57	92	77	48	62	53
75	72	74	11	91	52
41	21	84	76	79	7
5	2	8	80	88	39
66	34	49	86	98	30
94	80	64	15	87	4
54	98	50	65	81	29
52	33	10	19	56	75
38	83	83	99	4	11
40	3	75	19	66	64
16	82	34	78	73	89
73	9	8	20	35	81
81	62	6	100	71	56
28	25	27	82	12	23
97	85	63	26	59	96
34	91	63	48	40	5
87	37	21	61	76	77
44	31	69	80	69	55
36	47	4	86	28	13
3	98	84	15	52	90
39	88	40	53	31	89
81	40	80	34	19	60
60	93	60	19	53	62
72	40	5	63	16	48
93	52	98	86	89	40
45	3	91	71	80	8
47	9	44	43	7	39
73	84	7	10	55	14
41	10	43	3	62	97
19	33	90	53	22	84
9	7	21	15	32	13
20	98	67	70	83	1
99	100	9	85	55	11
8	57	15	6	17	21
18	71	74	27	61	54
93	16	90	6	53	41
59	16	80	35	64	98
60	75	33	11	22	60
68	39	64	52	16	85
90	9	45	78	72	6
79	55	81	77	71	12
87	68	40	2	88	23
62	88	89	73	21	66
44	45	96	88	29	91
8	91	8	70	83	26
55	9	48	59	45	24
80	55	4	38	81	11
62	37	79	81	15	78
92	84	80	6	35	80
61	41	77	57	9	62
34	63	22	69	71	81
95	79	94	71	10	42
9	18	57	91	95	27
96	56	44	91	38	70
36	63	27	98	86	69
59	30	3	59	29	100
28	88	99	22	56	68
72	69	98	67	20	32
19	32	20	81	96	75
84	70	60	70	67	81
77	1	34	3	19	56
99	8	68	71	39	90
65	4	81	89	62	3
26	98	43	1	63	16
56	4	58	52	90	5
89	9	21	79	11	47
59	13	78	30	11	82
47	71	82	21	26	75
23	57	59	63	50	24
54	65	47	20	33	90
70	56	50	41	58	18
52	35	76	84	39	84
39	4	58	33	68	35
34	94	34	64	39	21
64	79	69	47	95	48
68	51	18	53	25	54
50	67	88	21	51	53
52	34	34	4	51	72
62	75	9	20	44	93
39	5	24	87	43	49
93	32	76	21	19	73
53	76	78	76	63	38
47	81	98	40	94	1
9	85	65	98	40	65
91	30	58	45	38	90
37	90	61	26	69	4
58	99	6	38	48	10
14	84	9	31	91	46
52	34	10	52	40	12
15	43	84	50	17	93
14	11	99	40	22	52
8	80	24	13	19	61
93	20	52	69	35	4
54	54	68	29	66	68
63	9	75	8	1	57
81	45	26	47	78	77
59	75	84	87	33	33
22	100	6	36	46	19
89	91	46	93	65	50
46	63	42	34	55	1
30	82	79	81	70	93
35	85	10	36	74	30
15	74	27	70	99	91
75	16	91	14	20	94
82	85	52	71	42	86
43	91	33	33	12	65
15	35	40	26	73	93
46	16	35	36	19	27
10	78	42	68	78	92
31	35	83	51	42	42
3	76	93	78	76	92
87	86	31	99	68	46
54	78	1	95	4	44
100	19	21	53	12	61
60	36	69	20	39	88
90	10	93	17	97	53
2	46	65	78	41	21
31	86	76	51	47	15
89	87	23	11	11	100
54	46	3	20	6	40
99	40	85	96	40	25
53	43	47	90	8	51
83	35	93	63	18	74
70	52	49	83	35	67
38	17	90	31	14	85
13	76	56	73	29	73
1	57	69	20	29	87
98	39	72	57	57	15
91	75	86	91	90	3
61	89	15	8	47	70
75	98	99	85	70	96
60	36	18	8	45	52
40	82	65	64	68	74
98	47	32	92	100	1
17	67	69	6	78	40
24	85	16	29	47	93
55	56	12	77	100	77
41	67	24	75	52	80
33	30	92	35	83	65
90	3	5	2	3	70
28	11	69	30	72	64
41	79	75	2	17	20
83	62	19	52	49	39
86	51	20	87	59	26
92	69	100	56	24	39
42	93	77	22	63	34
59	38	26	97	84	62
78	76	49	87	9	37
11	53	91	41	93	41
39	53	97	74	34	96
98	29	13	39	75	47
96	59	20	77	43	88
53	15	42	47	83	38
97	95	60	97	88	11
68	36	95	31	41	26
67	95	76	2	9	30
22	95	4	79	81	44
64	22	91	86	12	60
70	35	83	4	24	67
48	30	59	11	37	99
62	90	63	82	1	61
32	36	50	87	16	53
66	32	77	11	70	25
64	41	88	81	42	29
53	78	9	22	34	76
94	68	100	99	90	55
76	61	28	62	63	54
19	41	91	52	46	34
24	20	16	21	6	62
90	72	38	40	49	27
27	54	27	5	7	100
42	23	9	35	55	80
84	50	12	72	51	56
93	27	62	45	22	87
53	25	33	4	39	16
78	91	15	5	55	71
29	61	50	19	32	1
50	44	14	90	21	82
66	61	53	87	59	87
58	60	34	62	14	41
80	50	64	71	15	89
30	83	9	2	3	58
55	100	50	37	29	76
48	56	87	65	80	98
32	47	76	39	100	37
48	80	99	87	90	18
18	100	88	100	94	34
6	12	62	43	63	68
48	72	64	75	67	12
19	1	43	18	82	22
17	100	3	6	82	98
71	40	71	6	67	27
84	37	10	36	10	96
59	66	79	41	23	75
91	70	86	58	44	24
41	91	67	83	21	55
34	85	98	39	14	28
56	26	35	3	74	3
22	1	99	31	6	55
42	67	94	46	96	7
76	70	97	69	92	18
66	2	17	28	75	55
70	71	25	35	61	56
18	11	61	1	78	22
40	87	30	11	71	26
77	55	85	9	90	13
67	76	41	50	95	52
26	18	93	52	63	76
66	21	8	57	72	61
29	74	31	73	62	57
78	49	69	1	62	15
13	80	96	86	79	85
64	77	63	16	73	6
98	18	48	36	38	36
48	59	48	56	41	28
24	68	25	69	33	99
87	35	84	20	16	43
37	44	1	37	7	64
45	25	24	1	23	47
80	63	42	15	35	39
59	75	59	95	88	1
46	51	12	35	78	77
5	40	42	25	75	55
68	53	95	75	65	27
3	9	92	11	37	17
88	10	66	66	49	70
49	29	30	93	29	60
47	31	82	66	97	8
100	68	87	92	64	25
15	86	32	18	3	88
11	75	49	85	73	91
22	80	8	100	12	31
36	94	35	75	77	11
75	100	9	24	97	42
7	57	29	69	100	16
52	33	71	46	92	56
67	79	42	92	10	15
33	3	100	37	30	81
74	47	96	76	40	90
74	22	72	66	76	67
34	20	64	48	7	64
95	4	93	75	36	65
30	97	76	71	48	8
62	7	44	18	34	44
92	85	66	51	11	73
63	70	27	16	40	17
2	94	63	22	18	40
32	60	73	7	50	12
57	19	91	45	27	44
12	92	71	79	91	12
60	97	45	76	66	61
100	30	40	51	86	19
89	70	66	31	15	66
98	14	69	13	9	27
9	67	51	36	39	53
5	36	21	18	85	3
90	86	64	21	33	36
42	22	50	83	2	16
49	58	35	18	9	83
15	52	57	91	92	60
59	20	87	70	17	3
12	17	85	78	25	100
97	42	29	24	77	89
41	49	55	29	20	71
55	39	15	92	42	6
92	65	52	4	69	16
56	53	55	80	99	60
5	47	37	40	34	78
57	71	82	44	18	33
67	18	96	44	6	23
98	35	95	28	29	58
99	91	91	51	88	98
79	17	19	64	17	54
19	82	9	85	16	43
58	3	95	73	14	29
22	15	6	8	76	76
88	31	5	37	93	28
76	77	14	82	92	81
61	60	94	57	35	15
97	3	46	11	44	6
42	99	13	66	66	9
52	96	2	14	96	32
2	81	81	37	58	21
80	38	58	98	12	11
56	49	20	33	28	31
43	15	35	95	35	13
54	40	25	14	36	19
65	6	81	24	44	49
78	99	1	80	12	6
77	85	10	42	18	95
4	4	99	95	58	85
97	53	87	46	23	69
7	42	91	73	15	100
80	60	13	98	45	94
26	44	94	58	64	58
75	47	98	97	18	37
30	32	7	69	41	70
81	75	98	32	70	77
76	42	62	47	67	47
76	78	96	89	47	29
40	42	16	63	75	85
53	90	12	31	45	3
85	81	71	74	93	23
56	22	9	100	70	73
66	5	4	82	59	79
22	48	96	28	88	36
65	4	61	60	40	9
54	81	29	31	56	92
88	23	92	4	97	16
10	9	25	93	100	71
34	87	39	4	11	18
24	56	69	34	47	45
25	13	9	24	9	11
34	10	64	50	73	59
40	68	75	1	11	72
43	6	19	10	89	19
52	50	100	97	16	49
75	82	62	50	20	93
53	5	62	68	99	12
48	76	42	82	82	96
54	55	57	40	64	60
15	51	68	16	75	27
43	90	65	4	69	67
23	40	26	37	48	14
9	27	99	6	33	84
38	70	69	89	46	39
90	83	19	93	97	5
4	10	79	48	10	16
70	28	24	63	95	21
55	3	97	74	9	90
63	61	36	11	54	62
24	64	80	36	61	77
14	37	41	67	85	21
69	66	87	44	82	90
17	85	82	81	58	53
26	60	99	15	56	97
60	35	24	98	44	89
42	64	26	62	39	94
53	59	27	100	9	2
74	58	19	17	23	94
92	78	77	99	40	95
64	26	19	2	85	10
25	86	19	32	73	16
78	73	11	71	27	82
51	66	22	96	29	15
18	99	67	75	70	98
94	42	61	4	34	25
83	98	33	14	18	83
32	65	71	59	31	67
35	95	75	88	52	82
94	15	87	32	12	40
26	33	30	100	34	62
32	73	3	69	33	92
44	96	60	8	66	43
69	99	51	84	82	99
87	52	6	83	50	97
67	58	5	7	61	11
31	90	89	33	57	20
7	42	74	70	7	71
31	23	11	85	99	75
77	77	38	57	10	55
2	77	19	19	17	96
73	84	84	26	81	21
33	88	46	59	84	13
93	64	87	6	4	10
8	3	38	84	12	1
26	64	31	84	69	65
62	65	16	53	19	60
43	64	60	56	100	53
43	67	54	82	52	28
62	92	98	32	11	26
11	76	51	87	34	93
38	98	63	98	38	27
41	34	95	2	70	83
88	28	19	52	39	79
47	93	18	59	68	11
92	97	70	61	55	1
58	17	75	66	71	51
92	22	45	27	77	1
33	93	21	23	44	59
19	29	2	22	43	10
87	40	81	51	51	25
20	15	12	57	23	43
68	29	99	85	91	39
82	2	84	79	16	7
82	32	79	57	37	91
64	4	41	38	6	66
85	88	98	1	25	3
72	97	51	76	60	55
94	82	77	39	3	49
69	1	30	69	43	17
64	70	28	1	32	48
21	76	47	9	11	11
99	98	49	54	24	6
6	49	51	71	100	33
30	39	86	66	99	16
80	77	63	45	87	38
95	15	36	76	97	79
23	15	90	82	51	87
87	5	49	68	84	59
41	88	26	86	93	20
51	67	17	61	94	39
35	37	80	80	47	96
25	4	1	36	17	61
6	81	16	73	74	8
26	42	72	36	80	70
89	60	49	41	61	55
97	70	11	58	74	6
23	59	49	58	12	90
82	5	90	57	79	98
97	54	47	5	62	99
11	62	85	15	98	76
57	86	56	10	10	49
27	35	26	55	96	14
80	38	56	13	82	86
49	76	10	72	58	12
85	24	5	88	73	33
88	25	43	15	79	59
16	7	60	50	22	41
40	29	71	34	33	59
11	42	35	81	77	5
60	93	88	51	69	56
38	80	95	48	28	8
34	19	48	45	6	2
83	5	28	68	38	100
23	29	64	75	97	57
48	31	98	65	41	66
79	100	36	33	35	41
79	30	6	31	72	19
34	90	31	1	55	80
12	37	33	97	20	57
38	33	92	59	76	43
33	35	83	42	32	21
55	73	12	25	43	16
6	61	21	99	96	64
7	25	80	40	53	89
84	22	22	3	50	31
69	28	94	21	93	42
45	31	77	89	24	98
2	28	48	75	47	49
75	74	26	38	63	30
17	21	83	68	65	52
65	93	69	15	10	11
87	58	57	42	56	21
41	23	41	30	89	59
98	52	87	73	67	30
93	87	13	80	10	93
61	2	17	65	96	47
94	73	91	99	100	62
29	25	32	29	42	76
6	78	67	30	1	46
79	4	46	3	43	8
92	87	58	60	50	71
8	65	9	2	34	74
79	12	84	20	21	13
40	47	36	57	53	48
7	79	52	30	30	80
24	78	20	68	97	57
92	16	44	18	94	7
6	22	14	29	47	87
39	11	36	100	87	96
57	72	48	45	78	43
25	98	89	26	69	14
55	57	65	34	90	34
33	77	78	31	35	73
83	26	85	68	31	95
58	97	2	14	59	88
61	79	93	34	68	23
8	4	49	29	69	79
61	11	72	47	45	84
53	71	99	7	45	34
66	50	75	38	79	81
66	24	21	33	68	31
2	18	24	68	37	45
37	33	24	53	93	35
42	93	12	86	60	94
61	40	78	89	22	55
5	89	32	43	11	86
2	7	51	9	1	8
42	68	11	15	4	99
36	81	1	16	91	90
45	32	75	35	96	22
31	11	70	82	86	86
88	34	63	17	17	84
68	50	43	67	24	35
39	73	35	64	85	43
68	77	54	22	99	23
55	9	69	90	71	32
9	29	70	38	42	82
24	14	90	69	74	67
10	91	56	75	25	27
8	36	62	39	45	68
78	13	45	94	39	7
16	62	18	42	34	35
74	37	8	84	8	63
84	1	23	13	24	75
22	22	24	27	81	54
44	10	37	28	22	79
99	34	3	64	66	35
55	51	24	22	78	71
31	61	24	48	86	100
67	14	76	34	74	55
13	66	17	41	13	63
48	56	94	95	3	44
82	61	51	78	57	10
35	45	5	23	4	55
3	73	44	59	30	33
40	45	67	9	86	21
87	9	81	9	67	51
17	31	39	4	30	49
15	69	88	72	3	50
13	76	65	42	79	56
50	98	54	6	82	14
81	55	30	23	56	50
90	92	98	22	7	89
12	31	2	52	28	5
39	20	83	15	17	73
26	57	85	32	99	12
39	20	89	10	36	76
98	55	16	95	26	56
98	86	70	7	52	68
98	84	44	68	19	30
7	80	91	10	44	100
47	77	38	63	67	5
79	4	48	89	2	94
68	100	78	84	13	98
39	9	57	40	49	84
79	67	65	18	89	59
85	25	10	25	69	20
32	97	39	48	69	8
100	87	76	84	42	46
13	32	46	67	57	87
70	36	94	8	1	69
55	30	17	72	54	16
49	55	85	25	46	39
46	41	13	15	26	34
71	67	53	49	63	37
42	98	7	45	68	51
49	57	92	38	88	45
8	12	85	83	84	35
57	62	42	37	100	62
23	71	91	10	61	81
14	51	62	97	66	18
79	58	68	11	99	20
39	10	38	75	39	57
12	10	7	97	71	10
46	24	5	67	81	59
15	29	27	81	88	71
8	57	9	2	86	4
50	98	29	19	68	82
45	6	60	90	61	45
68	100	74	60	72	63
1	29	46	86	3	21
88	31	39	5	51	25
21	38	35	92	10	5
41	42	7	70	42	91
53	83	34	49	64	26
59	32	66	63	25	40
30	93	89	33	77	64
40	9	9	78	19	47
52	3	23	83	21	43
74	58	18	98	52	87
45	47	40	65	67	28
98	46	98	83	28	55
3	43	61	98	15	83
63	9	53	39	21	83
85	48	74	3	32	74
87	64	81	83	46	90
88	68	77	57	87	89
24	94	24	34	2	9
64	60	62	89	73	46
3	61	31	7	77	3
48	89	51	6	72	79
74	64	6	100	100	47
30	92	48	33	37	30
91	66	89	39	97	82
91	45	55	71	38	28
100	26	91	93	17	25
47	61	46	47	21	51
18	26	36	49	99	23
50	79	10	65	82	84
95	56	89	59	78	80
9	95	33	34	92	56
26	51	1	32	52	64
53	22	57	50	40	83
12	77	46	36	83	95
11	35	46	90	38	27
35	60	48	98	6	35
18	50	66	100	30	80
50	4	67	41	64	79
13	81	26	12	76	36
86	63	86	7	39	16
78	51	68	80	77	55
19	13	87	71	15	65
98	50	88	27	98	55
14	72	15	36	38	81
95	7	84	20	71	92
74	32	2	46	29	81
1	1	70	1	20	14
80	35	58	76	94	16
73	78	79	92	39	61
30	60	89	29	41	69
40	100	49	89	63	55
85	3	18	27	76	59
17	88	39	93	99	24
15	42	63	23	6	17
95	58	8	74	2	54
90	4	74	72	62	21
75	67	28	97	12	67
95	78	9	83	54	95
69	26	36	38	94	94
99	82	81	61	50	61
92	8	88	21	72	57
87	90	76	12	35	46
51	52	39	17	26	30
23	73	86	46	19	16
71	51	25	99	72	14
23	38	12	45	95	2
25	65	100	47	82	71
77	1	73	82	83	81
63	37	10	44	59	84
92	31	76	1	75	8
49	51	98	45	60	26
84	84	81	87	42	5
2	66	6	65	52	23
98	82	48	95	95	15
60	43	47	40	63	31
28	54	54	65	39	87
94	62	75	95	78	11
62	61	86	79	3	67
60	25	15	77	90	1
67	88	95	46	56	45
19	58	7	15	29	23
61	13	2	35	9	86
47	1	72	31	96	49
58	33	4	25	37	6
40	17	11	15	12	83
36	88	20	30	46	21
94	4	84	47	63	98
29	11	3	89	8	14
49	34	6	99	29	2
88	83	27	55	89	97
26	56	89	90	90	23
28	20	11	24	29	89
51	2	5	90	87	16
34	43	74	82	50	93
5	50	15	85	49	91
87	87	9	77	100	21
81	65	43	64	10	10
1	91	80	21	75	72
23	38	4	42	61	96
75	64	49	65	72	76
94	55	21	48	44	45
77	70	76	15	94	55
88	47	69	2	76	72
96	91	38	28	40	39
50	62	79	22	45	97
53	43	98	32	71	48
48	78	53	41	46	71
56	90	72	40	92	85
42	32	17	81	33	31
57	76	30	68	32	23
55	19	46	88	14	34
33	75	60	86	90	13
14	18	56	89	48	34
91	48	99	35	68	2
100	10	88	4	26	80
33	66	51	36	68	50
12	29	42	93	75	73
33	52	7	75	95	30
51	16	92	83	99	31
33	64	86	56	84	87
40	81	63	1	57	22
89	90	76	15	5	21
90	53	70	51	71	12
49	76	96	10	91	98
24	27	2	3	34	100
53	27	28	50	66	66
52	81	26	69	81	26
71	50	17	99	94	36
8	82	86	86	42	27
15	60	66	41	89	1
98	37	15	17	51	74
34	50	35	51	70	36
3	24	2	35	9	73
79	68	20	64	90	34
47	42	11	53	11	76
62	100	74	48	14	36
20	95	75	33	69	52
95	77	22	4	11	44
22	60	11	20	100	73
21	29	12	37	25	96
64	98	78	61	62	36
19	57	63	51	31	32
54	26	54	47	85	8
21	48	69	29	79	72
95	12	73	99	16	90
31	36	75	73	16	22
63	63	4	41	11	69
80	77	30	49	17	5
63	56	22	100	34	96
52	81	29	78	99	37
63	55	56	77	69	83
21	25	88	70	57	5
53	33	10	84	67	3
37	12	77	13	81	28
62	2	85	59	90	18
60	19	22	51	28	83
67	25	98	54	64	6
100	88	98	20	94	52
45	43	65	78	81	91
79	47	65	49	51	25
10	18	68	1	69	65
63	83	94	62	38	21
44	42	77	39	5	95
41	11	13	62	16	27
55	11	18	60	51	23
32	98	83	59	17	4
72	23	18	11	16	62
39	82	12	63	65	64
97	10	45	1	6	25
28	23	59	29	74	32
21	1	30	99	73	98
51	8	69	92	21	72
64	76	49	55	44	42
64	33	62	37	2	69
34	35	46	39	9	33
88	42	43	38	76	99
100	21	46	21	58	69
67	64	82	54	92	64
24	98	72	32	6	21
99	100	59	53	11	82
2	12	99	70	76	46
80	88	78	56	19	6
27	82	92	72	50	51
25	90	73	38	64	91
43	67	49	72	76	1
78	49	28	70	7	90
63	33	86	28	4	14
35	98	5	30	15	37
66	7	16	50	29	94
15	78	47	4	77	13
70	67	57	59	21	59
61	1	59	12	9	19
20	17	50	7	4	97
78	18	16	52	81	27
41	57	54	8	48	89
82	4	82	1	18	5
95	7	65	72	76	15
6	9	100	91	84	24
77	76	43	4	69	22
58	99	91	39	93	75
5	73	6	63	9	72
95	73	95	7	47	94
97	9	47	72	49	49
10	21	12	87	97	47
69	34	99	72	53	49
85	75	93	27	77	57
73	55	8	84	12	75
63	78	3	94	74	93
31	95	25	48	72	30
44	51	56	31	6	56
46	9	36	23	33	87
75	88	13	14	70	49
7	86	69	70	68	97
19	93	81	83	74	38
17	21	84	57	100	10
52	26	24	47	49	30
70	39	53	54	89	96
19	59	15	79	71	32
5	5	92	98	16	7
6	84	32	93	91	29
34	24	35	18	5	34
5	58	36	35	26	79
28	46	70	12	24	67
60	39	59	37	14	49
59	10	79	43	13	39
45	79	89	83	48	91
27	3	44	94	6	96
19	13	42	33	18	66
73	5	45	16	30	7
39	39	98	25	36	83
24	60	51	6	88	70
70	19	74	30	51	52
37	88	37	53	93	62
83	42	74	15	73	77
85	61	48	28	19	4
88	4	7	27	20	36
96	82	18	91	24	21
58	62	40	93	78	52
84	81	92	18	84	71
43	79	76	85	64	69
9	98	35	32	76	17
84	99	69	65	28	71
58	23	42	59	67	53
44	69	74	20	68	74
87	44	86	95	27	74
61	94	34	63	10	34
94	65	96	33	16	23
5	95	100	73	36	70
56	24	92	17	64	65
45	4	48	48	46	45
68	59	9	30	3	14
70	22	50	100	74	15
10	75	39	44	24	57
9	39	99	83	69	47
22	96	92	52	77	15
61	63	66	9	8	81
19	51	24	49	16	44
94	50	69	48	41	79
74	41	56	16	18	77
22	64	90	68	36	50
13	22	43	40	70	56
50	91	47	99	6	17
52	52	92	84	21	9
20	1	18	35	96	96
33	42	95	65	73	61
29	34	23	15	51	44
35	50	14	44	12	88
74	8	83	9	34	66
77	90	59	16	72	51
51	61	14	76	88	17
82	34	27	1	62	71
15	43	38	6	92	90
36	95	64	38	82	88
90	73	30	34	36	86
75	69	13	20	95	39
39	5	75	92	13	17
34	87	43	81	56	83
10	78	25	43	70	99
69	41	41	7	1	98
60	16	49	37	43	67
96	86	41	61	22	52
97	49	6	21	45	57
79	95	83	2	76	67
54	23	83	89	42	78
14	33	68	4	79	26
53	33	5	12	72	46
69	67	68	73	87	23
85	3	43	32	81	50
37	94	64	72	74	36
59	16	63	61	23	6
16	59	67	71	4	100
46	20	16	58	77	17
75	78	50	75	81	47
5	89	9	99	32	28
10	57	59	6	78	71
14	31	30	18	54	72
51	56	34	40	100	40
95	8	57	65	33	7
96	98	67	54	79	55
88	29	21	53	44	22
37	53	7	87	33	2
75	1	54	9	10	84
17	8	18	65	57	73
60	32	89	29	82	18
2	4	8	61	16	70
40	45	36	33	19	23
52	73	39	32	45	32
68	48	21	79	8	89
94	98	84	58	86	30
2	71	44	39	18	22
25	53	47	35	15	79
78	82	46	38	43	60
95	82	59	83	86	94
10	83	67	55	63	7
38	51	71	73	94	8
65	71	71	36	83	43
54	22	25	3	64	16
41	45	12	59	78	60
50	40	67	22	48	29
49	43	73	33	74	43
47	8	4	25	15	33
93	96	71	46	37	68
78	92	85	15	60	50
33	66	69	85	84	97
14	55	7	15	11	48
52	51	20	52	7	51
39	98	94	44	100	23
46	59	27	76	17	30
25	23	58	4	67	85
5	7	7	14	30	98
1	97	84	72	5	51
87	79	69	22	59	72
8	21	52	51	17	56
95	74	27	36	36	11
65	15	41	81	94	28
46	65	74	59	22	59
55	93	2	11	40	37
22	19	92	4	94	52
94	74	76	54	7	55
36	12	11	70	90	19
88	22	28	14	96	77
16	84	51	81	57	71
76	72	33	86	65	91
84	53	47	82	63	57
66	79	31	73	21	9
83	26	78	87	90	63
71	66	38	9	52	93
31	76	10	42	39	9
87	53	22	2	69	88
58	58	99	18	94	40
77	77	100	90	42	11
65	64	94	94	4	78
23	20	62	95	75	43
45	19	63	4	78	35
85	78	92	96	41	40
24	2	33	70	83	79
60	99	48	69	30	73
86	68	75	22	90	48
33	69	67	3	57	21
48	28	39	64	54	13
88	82	66	37	35	63
69	24	95	2	68	62
7	68	71	74	61	81
82	15	98	76	49	35
31	9	40	30	78	81
5	46	68	35	34	99
3	82	37	51	72	74
67	93	83	75	31	89
45	27	52	18	57	8
4	99	46	74	2	75
91	99	5	81	26	77
78	45	21	58	77	89
8	31	94	49	12	77
43	19	78	99	5	40
7	84	38	80	65	52
42	26	36	4	21	91
4	65	50	20	2	73
41	4	82	7	25	83
18	29	54	46	96	35
89	68	19	11	56	67
76	88	76	81	91	75
46	85	63	62	48	28
53	88	47	58	53	23
69	87	67	12	21	17
48	15	27	76	44	90
52	19	43	48	6	40
58	7	60	78	22	55
91	46	12	72	90	1
60	75	35	97	44	48
80	40	7	47	31	15
11	59	15	62	43	58
78	59	94	4	32	92
22	18	64	25	29	8
12	85	70	20	78	81
63	47	3	45	75	99
38	18	79	29	53	11
97	78	86	30	34	13
20	62	44	33	64	15
56	28	20	8	93	84
71	32	94	66	99	6
82	76	69	77	36	3
57	28	50	89	18	35
78	78	69	86	14	60
6	20	12	35	96	24
5	22	1	50	56	44
39	9	3	65	4	67
13	14	58	46	96	41
2	94	16	23	90	100
96	30	44	5	12	75
31	52	8	62	40	73
25	96	98	85	7	10
1	24	24	74	68	90
80	66	33	52	32	64
96	20	14	65	96	21
84	18	63	31	43	94
35	5	69	48	22	78
43	75	95	62	34	37
58	86	23	54	40	8
47	2	61	37	2	94
19	62	73	92	58	94
20	57	57	49	55	49
97	1	51	10	4	39
61	51	5	38	14	63
25	99	36	13	64	44
97	49	34	80	73	65
87	58	21	9	98	70
56	83	89	44	52	11
3	66	59	29	80	47
56	13	34	68	9	46
76	73	66	50	45	21
54	10	68	20	21	42
42	34	25	5	84	59
53	55	86	80	95	84
66	62	98	95	44	93
40	36	66	47	56	77
24	12	48	21	68	83
70	69	68	99	58	41
14	22	62	42	42	42
90	65	90	56	15	32
1	48	21	60	90	96
7	92	57	39	77	96
100	37	75	15	26	76
63	69	91	30	68	66
46	47	91	21	52	15
42	92	19	82	96	72
4	91	78	62	56	98
15	2	50	72	39	80
8	63	46	36	53	61
63	84	45	35	91	70
36	52	56	64	15	5
90	35	79	8	37	70
51	22	24	77	70	30
78	64	76	80	20	22
72	13	42	50	89	38
3	51	3	100	21	22
22	45	61	100	25	20
56	37	3	68	40	84
54	35	8	39	41	18
86	36	71	57	71	61
5	100	50	33	27	4
57	41	34	16	54	31
77	9	87	61	25	76
46	42	16	52	84	77
49	84	79	89	86	13
3	20	10	19	85	40
80	92	35	35	96	91
64	75	84	53	6	7
20	56	49	82	23	46
2	72	48	33	100	83
52	57	63	74	32	89
41	3	97	91	5	5
91	21	79	44	83	36
57	10	90	41	75	15
91	96	53	49	77	30
67	6	66	38	4	75
41	56	12	13	13	59
24	10	36	83	53	11
28	83	10	27	94	96
3	28	16	16	71	28
78	41	37	97	95	63
74	24	19	41	24	90
2	92	1	1	91	62
65	19	78	74	3	65
46	67	59	16	58	7
13	90	58	73	87	38
70	1	8	53	59	92
85	29	90	73	1	96
52	1	25	44	95	24
22	29	55	17	95	18
19	16	26	79	44	15
84	5	79	97	63	56
55	23	25	53	63	75
44	7	69	87	54	10
45	3	79	15	85	59
67	31	8	91	76	31
29	30	68	90	53	20
25	11	6	5	88	35
98	98	89	21	97	5
52	6	59	56	2	94
78	81	38	66	56	14
63	80	83	70	96	84
92	85	2	76	20	94
26	74	45	2	66	57
1	62	37	51	35	76
43	37	37	74	17	84
34	46	77	71	84	67
1	15	22	92	48	3
8	39	60	25	40	37
50	97	33	81	23	99
36	69	25	98	4	98
71	78	15	22	29	80
60	91	21	32	17	80
31	56	36	54	56	46
50	57	80	23	40	45
37	39	2	66	38	20
33	10	25	73	35	43
29	45	90	83	76	50
51	17	99	73	25	49
29	3	83	82	97	59
89	55	30	78	31	33
24	84	64	57	64	79
56	54	65	46	20	69
39	8	7	92	52	12
58	80	10	27	25	9
28	14	96	55	27	10
99	69	51	28	66	22
8	66	12	83	37	55
68	45	72	85	7	5
52	80	99	32	18	67
60	59	69	46	28	9
44	59	27	67	78	51
50	79	17	52	64	98
61	43	46	96	67	11
91	75	28	86	61	90
4	59	16	82	16	17
9	26	94	64	50	90
18	37	96	8	89	7
24	29	20	43	68	28
87	63	83	23	71	89
53	95	39	67	11	62
61	24	14	13	7	38
23	52	63	95	64	35
70	1	87	86	5	99
32	50	52	59	6	85
81	79	58	73	44	18
45	33	77	15	55	50
61	46	87	46	87	75
60	1	71	56	62	69
29	60	55	29	22	39
91	5	23	90	64	92
12	63	16	55	69	53
70	71	47	26	12	68
6	52	47	37	63	94
3	62	76	70	26	42
13	85	63	50	25	34
12	69	10	24	54	24
68	27	25	96	42	12
37	53	93	13	55	67
80	66	58	53	91	17
39	37	57	40	44	42
7	73	9	13	61	44
29	30	70	53	5	91
42	62	32	7	11	46
60	12	33	91	100	74
86	73	2	42	25	99
91	77	78	37	81	62
94	78	70	69	69	25
56	48	46	68	72	60
73	53	88	72	72	8
1	15	5	62	35	6
73	62	29	32	90	14
31	64	35	42	13	42
30	74	49	73	40	30
47	93	60	5	8	56
69	3	69	60	49	77
74	87	46	2	48	95
61	90	77	78	85	64
86	89	44	44	12	97
86	40	84	83	8	67
99	68	21	63	81	10
38	91	21	100	61	89
62	89	46	56	27	31
62	35	2	80	11	96
51	9	98	88	27	88
22	1	5	20	56	54
53	38	68	46	98	67
40	80	100	39	26	45
13	19	95	39	15	50
62	48	91	69	80	77
43	82	40	36	55	48
98	3	64	24	33	91
1	46	58	71	22	41
60	56	33	87	62	90
32	17	2	24	51	32
80	85	43	61	72	7
70	31	31	64	57	41
6	2	25	3	62	18
99	39	11	9	99	24
60	15	20	90	73	79
40	9	78	21	94	33
15	44	35	95	29	86
96	91	80	76	73	68
86	56	79	28	70	73
97	90	53	27	18	41
40	54	49	99	88	42
37	51	2	53	13	65
79	26	72	9	66	61
22	27	40	27	52	51
59	66	20	63	65	65
85	99	4	73	85	58
80	4	52	85	17	79
55	47	24	82	28	13
39	82	64	57	36	45
61	92	85	100	45	11
51	14	34	89	94	54
79	41	73	81	67	95
86	85	47	1	94	23
66	72	49	54	11	63
3	55	94	51	24	34
83	88	13	70	22	59
66	91	50	20	95	90
48	55	63	5	90	57
58	80	43	89	10	8
24	93	97	67	4	35
11	68	80	39	38	24
43	7	6	85	67	34
78	11	15	32	38	67
42	38	56	28	65	93
31	66	57	85	3	100
85	70	34	82	56	52
48	1	67	70	70	96
81	46	47	27	27	67
41	24	65	46	59	98
58	44	85	4	51	23
90	15	59	65	58	8
47	91	14	23	38	41
24	9	33	42	63	45
18	50	70	75	31	22
4	72	72	15	23	95
60	86	95	17	70	44
21	14	96	21	41	63
79	7	40	9	65	5
98	54	17	90	55	47
67	62	92	14	79	43
14	37	72	49	83	91
88	53	11	10	3	7
21	70	98	20	48	12
57	54	82	21	20	89
92	97	27	73	68	11
56	39	20	18	3	9
53	86	90	21	15	34
5	43	93	100	94	77
23	47	81	79	46	62
67	62	54	4	63	68
3	41	21	47	94	96
4	37	58	49	33	14
19	36	40	86	1	11
55	45	47	77	72	2
51	13	3	6	66	43
54	2	69	5	39	20
79	82	98	24	24	11
98	60	49	61	90	93
61	54	95	19	32	2
11	82	43	10	22	80
